Extended Hamming [16,11,4] Code
==================================================
Parameters: n=16, k=11, d=4, r=4
Number of codewords: 2048
Format: Index Codeword Message
--------------------------------------------------
   0 0000000000000000 00000000000
   1 1110000000000001 10000000000
   2 1001100000000001 01000000000
   3 0111100000000000 11000000000
   4 0101010000000001 00100000000
   5 1011010000000000 10100000000
   6 1100110000000000 01100000000
   7 0010110000000001 11100000000
   8 1101001000000000 00010000000
   9 0011001000000001 10010000000
  10 0100101000000001 01010000000
  11 1010101000000000 11010000000
  12 1000011000000001 00110000000
  13 0110011000000000 10110000000
  14 0001111000000000 01110000000
  15 1111111000000001 11110000000
  16 1000000110000001 00001000000
  17 0110000110000000 10001000000
  18 0001100110000000 01001000000
  19 1111100110000001 11001000000
  20 1101010110000000 00101000000
  21 0011010110000001 10101000000
  22 0100110110000001 01101000000
  23 1010110110000000 11101000000
  24 0101001110000001 00011000000
  25 1011001110000000 10011000000
  26 1100101110000000 01011000000
  27 0010101110000001 11011000000
  28 0000011110000000 00111000000
  29 1110011110000001 10111000000
  30 1001111110000001 01111000000
  31 0111111110000000 11111000000
  32 0100000101000001 00000100000
  33 1010000101000000 10000100000
  34 1101100101000000 01000100000
  35 0011100101000001 11000100000
  36 0001010101000000 00100100000
  37 1111010101000001 10100100000
  38 1000110101000001 01100100000
  39 0110110101000000 11100100000
  40 1001001101000001 00010100000
  41 0111001101000000 10010100000
  42 0000101101000000 01010100000
  43 1110101101000001 11010100000
  44 1100011101000000 00110100000
  45 0010011101000001 10110100000
  46 0101111101000001 01110100000
  47 1011111101000000 11110100000
  48 1100000011000000 00001100000
  49 0010000011000001 10001100000
  50 0101100011000001 01001100000
  51 1011100011000000 11001100000
  52 1001010011000001 00101100000
  53 0111010011000000 10101100000
  54 0000110011000000 01101100000
  55 1110110011000001 11101100000
  56 0001001011000000 00011100000
  57 1111001011000001 10011100000
  58 1000101011000001 01011100000
  59 0110101011000000 11011100000
  60 0100011011000001 00111100000
  61 1010011011000000 10111100000
  62 1101111011000000 01111100000
  63 0011111011000001 11111100000
  64 1100000100100000 00000010000
  65 0010000100100001 10000010000
  66 0101100100100001 01000010000
  67 1011100100100000 11000010000
  68 1001010100100001 00100010000
  69 0111010100100000 10100010000
  70 0000110100100000 01100010000
  71 1110110100100001 11100010000
  72 0001001100100000 00010010000
  73 1111001100100001 10010010000
  74 1000101100100001 01010010000
  75 0110101100100000 11010010000
  76 0100011100100001 00110010000
  77 1010011100100000 10110010000
  78 1101111100100000 01110010000
  79 0011111100100001 11110010000
  80 0100000010100001 00001010000
  81 1010000010100000 10001010000
  82 1101100010100000 01001010000
  83 0011100010100001 11001010000
  84 0001010010100000 00101010000
  85 1111010010100001 10101010000
  86 1000110010100001 01101010000
  87 0110110010100000 11101010000
  88 1001001010100001 00011010000
  89 0111001010100000 10011010000
  90 0000101010100000 01011010000
  91 1110101010100001 11011010000
  92 1100011010100000 00111010000
  93 0010011010100001 10111010000
  94 0101111010100001 01111010000
  95 1011111010100000 11111010000
  96 1000000001100001 00000110000
  97 0110000001100000 10000110000
  98 0001100001100000 01000110000
  99 1111100001100001 11000110000
 100 1101010001100000 00100110000
 101 0011010001100001 10100110000
 102 0100110001100001 01100110000
 103 1010110001100000 11100110000
 104 0101001001100001 00010110000
 105 1011001001100000 10010110000
 106 1100101001100000 01010110000
 107 0010101001100001 11010110000
 108 0000011001100000 00110110000
 109 1110011001100001 10110110000
 110 1001111001100001 01110110000
 111 0111111001100000 11110110000
 112 0000000111100000 00001110000
 113 1110000111100001 10001110000
 114 1001100111100001 01001110000
 115 0111100111100000 11001110000
 116 0101010111100001 00101110000
 117 1011010111100000 10101110000
 118 1100110111100000 01101110000
 119 0010110111100001 11101110000
 120 1101001111100000 00011110000
 121 0011001111100001 10011110000
 122 0100101111100001 01011110000
 123 1010101111100000 11011110000
 124 1000011111100001 00111110000
 125 0110011111100000 10111110000
 126 0001111111100000 01111110000
 127 1111111111100001 11111110000
 128 0001000100010001 00000001000
 129 1111000100010000 10000001000
 130 1000100100010000 01000001000
 131 0110100100010001 11000001000
 132 0100010100010000 00100001000
 133 1010010100010001 10100001000
 134 1101110100010001 01100001000
 135 0011110100010000 11100001000
 136 1100001100010001 00010001000
 137 0010001100010000 10010001000
 138 0101101100010000 01010001000
 139 1011101100010001 11010001000
 140 1001011100010000 00110001000
 141 0111011100010001 10110001000
 142 0000111100010001 01110001000
 143 1110111100010000 11110001000
 144 1001000010010000 00001001000
 145 0111000010010001 10001001000
 146 0000100010010001 01001001000
 147 1110100010010000 11001001000
 148 1100010010010001 00101001000
 149 0010010010010000 10101001000
 150 0101110010010000 01101001000
 151 1011110010010001 11101001000
 152 0100001010010000 00011001000
 153 1010001010010001 10011001000
 154 1101101010010001 01011001000
 155 0011101010010000 11011001000
 156 0001011010010001 00111001000
 157 1111011010010000 10111001000
 158 1000111010010000 01111001000
 159 0110111010010001 11111001000
 160 0101000001010000 00000101000
 161 1011000001010001 10000101000
 162 1100100001010001 01000101000
 163 0010100001010000 11000101000
 164 0000010001010001 00100101000
 165 1110010001010000 10100101000
 166 1001110001010000 01100101000
 167 0111110001010001 11100101000
 168 1000001001010000 00010101000
 169 0110001001010001 10010101000
 170 0001101001010001 01010101000
 171 1111101001010000 11010101000
 172 1101011001010001 00110101000
 173 0011011001010000 10110101000
 174 0100111001010000 01110101000
 175 1010111001010001 11110101000
 176 1101000111010001 00001101000
 177 0011000111010000 10001101000
 178 0100100111010000 01001101000
 179 1010100111010001 11001101000
 180 1000010111010000 00101101000
 181 0110010111010001 10101101000
 182 0001110111010001 01101101000
 183 1111110111010000 11101101000
 184 0000001111010001 00011101000
 185 1110001111010000 10011101000
 186 1001101111010000 01011101000
 187 0111101111010001 11011101000
 188 0101011111010000 00111101000
 189 1011011111010001 10111101000
 190 1100111111010001 01111101000
 191 0010111111010000 11111101000
 192 1101000000110001 00000011000
 193 0011000000110000 10000011000
 194 0100100000110000 01000011000
 195 1010100000110001 11000011000
 196 1000010000110000 00100011000
 197 0110010000110001 10100011000
 198 0001110000110001 01100011000
 199 1111110000110000 11100011000
 200 0000001000110001 00010011000
 201 1110001000110000 10010011000
 202 1001101000110000 01010011000
 203 0111101000110001 11010011000
 204 0101011000110000 00110011000
 205 1011011000110001 10110011000
 206 1100111000110001 01110011000
 207 0010111000110000 11110011000
 208 0101000110110000 00001011000
 209 1011000110110001 10001011000
 210 1100100110110001 01001011000
 211 0010100110110000 11001011000
 212 0000010110110001 00101011000
 213 1110010110110000 10101011000
 214 1001110110110000 01101011000
 215 0111110110110001 11101011000
 216 1000001110110000 00011011000
 217 0110001110110001 10011011000
 218 0001101110110001 01011011000
 219 1111101110110000 11011011000
 220 1101011110110001 00111011000
 221 0011011110110000 10111011000
 222 0100111110110000 01111011000
 223 1010111110110001 11111011000
 224 1001000101110000 00000111000
 225 0111000101110001 10000111000
 226 0000100101110001 01000111000
 227 1110100101110000 11000111000
 228 1100010101110001 00100111000
 229 0010010101110000 10100111000
 230 0101110101110000 01100111000
 231 1011110101110001 11100111000
 232 0100001101110000 00010111000
 233 1010001101110001 10010111000
 234 1101101101110001 01010111000
 235 0011101101110000 11010111000
 236 0001011101110001 00110111000
 237 1111011101110000 10110111000
 238 1000111101110000 01110111000
 239 0110111101110001 11110111000
 240 0001000011110001 00001111000
 241 1111000011110000 10001111000
 242 1000100011110000 01001111000
 243 0110100011110001 11001111000
 244 0100010011110000 00101111000
 245 1010010011110001 10101111000
 246 1101110011110001 01101111000
 247 0011110011110000 11101111000
 248 1100001011110001 00011111000
 249 0010001011110000 10011111000
 250 0101101011110000 01011111000
 251 1011101011110001 11011111000
 252 1001011011110000 00111111000
 253 0111011011110001 10111111000
 254 0000111011110001 01111111000
 255 1110111011110000 11111111000
 256 1001000100001000 00000000100
 257 0111000100001001 10000000100
 258 0000100100001001 01000000100
 259 1110100100001000 11000000100
 260 1100010100001001 00100000100
 261 0010010100001000 10100000100
 262 0101110100001000 01100000100
 263 1011110100001001 11100000100
 264 0100001100001000 00010000100
 265 1010001100001001 10010000100
 266 1101101100001001 01010000100
 267 0011101100001000 11010000100
 268 0001011100001001 00110000100
 269 1111011100001000 10110000100
 270 1000111100001000 01110000100
 271 0110111100001001 11110000100
 272 0001000010001001 00001000100
 273 1111000010001000 10001000100
 274 1000100010001000 01001000100
 275 0110100010001001 11001000100
 276 0100010010001000 00101000100
 277 1010010010001001 10101000100
 278 1101110010001001 01101000100
 279 0011110010001000 11101000100
 280 1100001010001001 00011000100
 281 0010001010001000 10011000100
 282 0101101010001000 01011000100
 283 1011101010001001 11011000100
 284 1001011010001000 00111000100
 285 0111011010001001 10111000100
 286 0000111010001001 01111000100
 287 1110111010001000 11111000100
 288 1101000001001001 00000100100
 289 0011000001001000 10000100100
 290 0100100001001000 01000100100
 291 1010100001001001 11000100100
 292 1000010001001000 00100100100
 293 0110010001001001 10100100100
 294 0001110001001001 01100100100
 295 1111110001001000 11100100100
 296 0000001001001001 00010100100
 297 1110001001001000 10010100100
 298 1001101001001000 01010100100
 299 0111101001001001 11010100100
 300 0101011001001000 00110100100
 301 1011011001001001 10110100100
 302 1100111001001001 01110100100
 303 0010111001001000 11110100100
 304 0101000111001000 00001100100
 305 1011000111001001 10001100100
 306 1100100111001001 01001100100
 307 0010100111001000 11001100100
 308 0000010111001001 00101100100
 309 1110010111001000 10101100100
 310 1001110111001000 01101100100
 311 0111110111001001 11101100100
 312 1000001111001000 00011100100
 313 0110001111001001 10011100100
 314 0001101111001001 01011100100
 315 1111101111001000 11011100100
 316 1101011111001001 00111100100
 317 0011011111001000 10111100100
 318 0100111111001000 01111100100
 319 1010111111001001 11111100100
 320 0101000000101000 00000010100
 321 1011000000101001 10000010100
 322 1100100000101001 01000010100
 323 0010100000101000 11000010100
 324 0000010000101001 00100010100
 325 1110010000101000 10100010100
 326 1001110000101000 01100010100
 327 0111110000101001 11100010100
 328 1000001000101000 00010010100
 329 0110001000101001 10010010100
 330 0001101000101001 01010010100
 331 1111101000101000 11010010100
 332 1101011000101001 00110010100
 333 0011011000101000 10110010100
 334 0100111000101000 01110010100
 335 1010111000101001 11110010100
 336 1101000110101001 00001010100
 337 0011000110101000 10001010100
 338 0100100110101000 01001010100
 339 1010100110101001 11001010100
 340 1000010110101000 00101010100
 341 0110010110101001 10101010100
 342 0001110110101001 01101010100
 343 1111110110101000 11101010100
 344 0000001110101001 00011010100
 345 1110001110101000 10011010100
 346 1001101110101000 01011010100
 347 0111101110101001 11011010100
 348 0101011110101000 00111010100
 349 1011011110101001 10111010100
 350 1100111110101001 01111010100
 351 0010111110101000 11111010100
 352 0001000101101001 00000110100
 353 1111000101101000 10000110100
 354 1000100101101000 01000110100
 355 0110100101101001 11000110100
 356 0100010101101000 00100110100
 357 1010010101101001 10100110100
 358 1101110101101001 01100110100
 359 0011110101101000 11100110100
 360 1100001101101001 00010110100
 361 0010001101101000 10010110100
 362 0101101101101000 01010110100
 363 1011101101101001 11010110100
 364 1001011101101000 00110110100
 365 0111011101101001 10110110100
 366 0000111101101001 01110110100
 367 1110111101101000 11110110100
 368 1001000011101000 00001110100
 369 0111000011101001 10001110100
 370 0000100011101001 01001110100
 371 1110100011101000 11001110100
 372 1100010011101001 00101110100
 373 0010010011101000 10101110100
 374 0101110011101000 01101110100
 375 1011110011101001 11101110100
 376 0100001011101000 00011110100
 377 1010001011101001 10011110100
 378 1101101011101001 01011110100
 379 0011101011101000 11011110100
 380 0001011011101001 00111110100
 381 1111011011101000 10111110100
 382 1000111011101000 01111110100
 383 0110111011101001 11111110100
 384 1000000000011001 00000001100
 385 0110000000011000 10000001100
 386 0001100000011000 01000001100
 387 1111100000011001 11000001100
 388 1101010000011000 00100001100
 389 0011010000011001 10100001100
 390 0100110000011001 01100001100
 391 1010110000011000 11100001100
 392 0101001000011001 00010001100
 393 1011001000011000 10010001100
 394 1100101000011000 01010001100
 395 0010101000011001 11010001100
 396 0000011000011000 00110001100
 397 1110011000011001 10110001100
 398 1001111000011001 01110001100
 399 0111111000011000 11110001100
 400 0000000110011000 00001001100
 401 1110000110011001 10001001100
 402 1001100110011001 01001001100
 403 0111100110011000 11001001100
 404 0101010110011001 00101001100
 405 1011010110011000 10101001100
 406 1100110110011000 01101001100
 407 0010110110011001 11101001100
 408 1101001110011000 00011001100
 409 0011001110011001 10011001100
 410 0100101110011001 01011001100
 411 1010101110011000 11011001100
 412 1000011110011001 00111001100
 413 0110011110011000 10111001100
 414 0001111110011000 01111001100
 415 1111111110011001 11111001100
 416 1100000101011000 00000101100
 417 0010000101011001 10000101100
 418 0101100101011001 01000101100
 419 1011100101011000 11000101100
 420 1001010101011001 00100101100
 421 0111010101011000 10100101100
 422 0000110101011000 01100101100
 423 1110110101011001 11100101100
 424 0001001101011000 00010101100
 425 1111001101011001 10010101100
 426 1000101101011001 01010101100
 427 0110101101011000 11010101100
 428 0100011101011001 00110101100
 429 1010011101011000 10110101100
 430 1101111101011000 01110101100
 431 0011111101011001 11110101100
 432 0100000011011001 00001101100
 433 1010000011011000 10001101100
 434 1101100011011000 01001101100
 435 0011100011011001 11001101100
 436 0001010011011000 00101101100
 437 1111010011011001 10101101100
 438 1000110011011001 01101101100
 439 0110110011011000 11101101100
 440 1001001011011001 00011101100
 441 0111001011011000 10011101100
 442 0000101011011000 01011101100
 443 1110101011011001 11011101100
 444 1100011011011000 00111101100
 445 0010011011011001 10111101100
 446 0101111011011001 01111101100
 447 1011111011011000 11111101100
 448 0100000100111001 00000011100
 449 1010000100111000 10000011100
 450 1101100100111000 01000011100
 451 0011100100111001 11000011100
 452 0001010100111000 00100011100
 453 1111010100111001 10100011100
 454 1000110100111001 01100011100
 455 0110110100111000 11100011100
 456 1001001100111001 00010011100
 457 0111001100111000 10010011100
 458 0000101100111000 01010011100
 459 1110101100111001 11010011100
 460 1100011100111000 00110011100
 461 0010011100111001 10110011100
 462 0101111100111001 01110011100
 463 1011111100111000 11110011100
 464 1100000010111000 00001011100
 465 0010000010111001 10001011100
 466 0101100010111001 01001011100
 467 1011100010111000 11001011100
 468 1001010010111001 00101011100
 469 0111010010111000 10101011100
 470 0000110010111000 01101011100
 471 1110110010111001 11101011100
 472 0001001010111000 00011011100
 473 1111001010111001 10011011100
 474 1000101010111001 01011011100
 475 0110101010111000 11011011100
 476 0100011010111001 00111011100
 477 1010011010111000 10111011100
 478 1101111010111000 01111011100
 479 0011111010111001 11111011100
 480 0000000001111000 00000111100
 481 1110000001111001 10000111100
 482 1001100001111001 01000111100
 483 0111100001111000 11000111100
 484 0101010001111001 00100111100
 485 1011010001111000 10100111100
 486 1100110001111000 01100111100
 487 0010110001111001 11100111100
 488 1101001001111000 00010111100
 489 0011001001111001 10010111100
 490 0100101001111001 01010111100
 491 1010101001111000 11010111100
 492 1000011001111001 00110111100
 493 0110011001111000 10110111100
 494 0001111001111000 01110111100
 495 1111111001111001 11110111100
 496 1000000111111001 00001111100
 497 0110000111111000 10001111100
 498 0001100111111000 01001111100
 499 1111100111111001 11001111100
 500 1101010111111000 00101111100
 501 0011010111111001 10101111100
 502 0100110111111001 01101111100
 503 1010110111111000 11101111100
 504 0101001111111001 00011111100
 505 1011001111111000 10011111100
 506 1100101111111000 01011111100
 507 0010101111111001 11011111100
 508 0000011111111000 00111111100
 509 1110011111111001 10111111100
 510 1001111111111001 01111111100
 511 0111111111111000 11111111100
 512 0101000100000100 00000000010
 513 1011000100000101 10000000010
 514 1100100100000101 01000000010
 515 0010100100000100 11000000010
 516 0000010100000101 00100000010
 517 1110010100000100 10100000010
 518 1001110100000100 01100000010
 519 0111110100000101 11100000010
 520 1000001100000100 00010000010
 521 0110001100000101 10010000010
 522 0001101100000101 01010000010
 523 1111101100000100 11010000010
 524 1101011100000101 00110000010
 525 0011011100000100 10110000010
 526 0100111100000100 01110000010
 527 1010111100000101 11110000010
 528 1101000010000101 00001000010
 529 0011000010000100 10001000010
 530 0100100010000100 01001000010
 531 1010100010000101 11001000010
 532 1000010010000100 00101000010
 533 0110010010000101 10101000010
 534 0001110010000101 01101000010
 535 1111110010000100 11101000010
 536 0000001010000101 00011000010
 537 1110001010000100 10011000010
 538 1001101010000100 01011000010
 539 0111101010000101 11011000010
 540 0101011010000100 00111000010
 541 1011011010000101 10111000010
 542 1100111010000101 01111000010
 543 0010111010000100 11111000010
 544 0001000001000101 00000100010
 545 1111000001000100 10000100010
 546 1000100001000100 01000100010
 547 0110100001000101 11000100010
 548 0100010001000100 00100100010
 549 1010010001000101 10100100010
 550 1101110001000101 01100100010
 551 0011110001000100 11100100010
 552 1100001001000101 00010100010
 553 0010001001000100 10010100010
 554 0101101001000100 01010100010
 555 1011101001000101 11010100010
 556 1001011001000100 00110100010
 557 0111011001000101 10110100010
 558 0000111001000101 01110100010
 559 1110111001000100 11110100010
 560 1001000111000100 00001100010
 561 0111000111000101 10001100010
 562 0000100111000101 01001100010
 563 1110100111000100 11001100010
 564 1100010111000101 00101100010
 565 0010010111000100 10101100010
 566 0101110111000100 01101100010
 567 1011110111000101 11101100010
 568 0100001111000100 00011100010
 569 1010001111000101 10011100010
 570 1101101111000101 01011100010
 571 0011101111000100 11011100010
 572 0001011111000101 00111100010
 573 1111011111000100 10111100010
 574 1000111111000100 01111100010
 575 0110111111000101 11111100010
 576 1001000000100100 00000010010
 577 0111000000100101 10000010010
 578 0000100000100101 01000010010
 579 1110100000100100 11000010010
 580 1100010000100101 00100010010
 581 0010010000100100 10100010010
 582 0101110000100100 01100010010
 583 1011110000100101 11100010010
 584 0100001000100100 00010010010
 585 1010001000100101 10010010010
 586 1101101000100101 01010010010
 587 0011101000100100 11010010010
 588 0001011000100101 00110010010
 589 1111011000100100 10110010010
 590 1000111000100100 01110010010
 591 0110111000100101 11110010010
 592 0001000110100101 00001010010
 593 1111000110100100 10001010010
 594 1000100110100100 01001010010
 595 0110100110100101 11001010010
 596 0100010110100100 00101010010
 597 1010010110100101 10101010010
 598 1101110110100101 01101010010
 599 0011110110100100 11101010010
 600 1100001110100101 00011010010
 601 0010001110100100 10011010010
 602 0101101110100100 01011010010
 603 1011101110100101 11011010010
 604 1001011110100100 00111010010
 605 0111011110100101 10111010010
 606 0000111110100101 01111010010
 607 1110111110100100 11111010010
 608 1101000101100101 00000110010
 609 0011000101100100 10000110010
 610 0100100101100100 01000110010
 611 1010100101100101 11000110010
 612 1000010101100100 00100110010
 613 0110010101100101 10100110010
 614 0001110101100101 01100110010
 615 1111110101100100 11100110010
 616 0000001101100101 00010110010
 617 1110001101100100 10010110010
 618 1001101101100100 01010110010
 619 0111101101100101 11010110010
 620 0101011101100100 00110110010
 621 1011011101100101 10110110010
 622 1100111101100101 01110110010
 623 0010111101100100 11110110010
 624 0101000011100100 00001110010
 625 1011000011100101 10001110010
 626 1100100011100101 01001110010
 627 0010100011100100 11001110010
 628 0000010011100101 00101110010
 629 1110010011100100 10101110010
 630 1001110011100100 01101110010
 631 0111110011100101 11101110010
 632 1000001011100100 00011110010
 633 0110001011100101 10011110010
 634 0001101011100101 01011110010
 635 1111101011100100 11011110010
 636 1101011011100101 00111110010
 637 0011011011100100 10111110010
 638 0100111011100100 01111110010
 639 1010111011100101 11111110010
 640 0100000000010101 00000001010
 641 1010000000010100 10000001010
 642 1101100000010100 01000001010
 643 0011100000010101 11000001010
 644 0001010000010100 00100001010
 645 1111010000010101 10100001010
 646 1000110000010101 01100001010
 647 0110110000010100 11100001010
 648 1001001000010101 00010001010
 649 0111001000010100 10010001010
 650 0000101000010100 01010001010
 651 1110101000010101 11010001010
 652 1100011000010100 00110001010
 653 0010011000010101 10110001010
 654 0101111000010101 01110001010
 655 1011111000010100 11110001010
 656 1100000110010100 00001001010
 657 0010000110010101 10001001010
 658 0101100110010101 01001001010
 659 1011100110010100 11001001010
 660 1001010110010101 00101001010
 661 0111010110010100 10101001010
 662 0000110110010100 01101001010
 663 1110110110010101 11101001010
 664 0001001110010100 00011001010
 665 1111001110010101 10011001010
 666 1000101110010101 01011001010
 667 0110101110010100 11011001010
 668 0100011110010101 00111001010
 669 1010011110010100 10111001010
 670 1101111110010100 01111001010
 671 0011111110010101 11111001010
 672 0000000101010100 00000101010
 673 1110000101010101 10000101010
 674 1001100101010101 01000101010
 675 0111100101010100 11000101010
 676 0101010101010101 00100101010
 677 1011010101010100 10100101010
 678 1100110101010100 01100101010
 679 0010110101010101 11100101010
 680 1101001101010100 00010101010
 681 0011001101010101 10010101010
 682 0100101101010101 01010101010
 683 1010101101010100 11010101010
 684 1000011101010101 00110101010
 685 0110011101010100 10110101010
 686 0001111101010100 01110101010
 687 1111111101010101 11110101010
 688 1000000011010101 00001101010
 689 0110000011010100 10001101010
 690 0001100011010100 01001101010
 691 1111100011010101 11001101010
 692 1101010011010100 00101101010
 693 0011010011010101 10101101010
 694 0100110011010101 01101101010
 695 1010110011010100 11101101010
 696 0101001011010101 00011101010
 697 1011001011010100 10011101010
 698 1100101011010100 01011101010
 699 0010101011010101 11011101010
 700 0000011011010100 00111101010
 701 1110011011010101 10111101010
 702 1001111011010101 01111101010
 703 0111111011010100 11111101010
 704 1000000100110101 00000011010
 705 0110000100110100 10000011010
 706 0001100100110100 01000011010
 707 1111100100110101 11000011010
 708 1101010100110100 00100011010
 709 0011010100110101 10100011010
 710 0100110100110101 01100011010
 711 1010110100110100 11100011010
 712 0101001100110101 00010011010
 713 1011001100110100 10010011010
 714 1100101100110100 01010011010
 715 0010101100110101 11010011010
 716 0000011100110100 00110011010
 717 1110011100110101 10110011010
 718 1001111100110101 01110011010
 719 0111111100110100 11110011010
 720 0000000010110100 00001011010
 721 1110000010110101 10001011010
 722 1001100010110101 01001011010
 723 0111100010110100 11001011010
 724 0101010010110101 00101011010
 725 1011010010110100 10101011010
 726 1100110010110100 01101011010
 727 0010110010110101 11101011010
 728 1101001010110100 00011011010
 729 0011001010110101 10011011010
 730 0100101010110101 01011011010
 731 1010101010110100 11011011010
 732 1000011010110101 00111011010
 733 0110011010110100 10111011010
 734 0001111010110100 01111011010
 735 1111111010110101 11111011010
 736 1100000001110100 00000111010
 737 0010000001110101 10000111010
 738 0101100001110101 01000111010
 739 1011100001110100 11000111010
 740 1001010001110101 00100111010
 741 0111010001110100 10100111010
 742 0000110001110100 01100111010
 743 1110110001110101 11100111010
 744 0001001001110100 00010111010
 745 1111001001110101 10010111010
 746 1000101001110101 01010111010
 747 0110101001110100 11010111010
 748 0100011001110101 00110111010
 749 1010011001110100 10110111010
 750 1101111001110100 01110111010
 751 0011111001110101 11110111010
 752 0100000111110101 00001111010
 753 1010000111110100 10001111010
 754 1101100111110100 01001111010
 755 0011100111110101 11001111010
 756 0001010111110100 00101111010
 757 1111010111110101 10101111010
 758 1000110111110101 01101111010
 759 0110110111110100 11101111010
 760 1001001111110101 00011111010
 761 0111001111110100 10011111010
 762 0000101111110100 01011111010
 763 1110101111110101 11011111010
 764 1100011111110100 00111111010
 765 0010011111110101 10111111010
 766 0101111111110101 01111111010
 767 1011111111110100 11111111010
 768 1100000000001100 00000000110
 769 0010000000001101 10000000110
 770 0101100000001101 01000000110
 771 1011100000001100 11000000110
 772 1001010000001101 00100000110
 773 0111010000001100 10100000110
 774 0000110000001100 01100000110
 775 1110110000001101 11100000110
 776 0001001000001100 00010000110
 777 1111001000001101 10010000110
 778 1000101000001101 01010000110
 779 0110101000001100 11010000110
 780 0100011000001101 00110000110
 781 1010011000001100 10110000110
 782 1101111000001100 01110000110
 783 0011111000001101 11110000110
 784 0100000110001101 00001000110
 785 1010000110001100 10001000110
 786 1101100110001100 01001000110
 787 0011100110001101 11001000110
 788 0001010110001100 00101000110
 789 1111010110001101 10101000110
 790 1000110110001101 01101000110
 791 0110110110001100 11101000110
 792 1001001110001101 00011000110
 793 0111001110001100 10011000110
 794 0000101110001100 01011000110
 795 1110101110001101 11011000110
 796 1100011110001100 00111000110
 797 0010011110001101 10111000110
 798 0101111110001101 01111000110
 799 1011111110001100 11111000110
 800 1000000101001101 00000100110
 801 0110000101001100 10000100110
 802 0001100101001100 01000100110
 803 1111100101001101 11000100110
 804 1101010101001100 00100100110
 805 0011010101001101 10100100110
 806 0100110101001101 01100100110
 807 1010110101001100 11100100110
 808 0101001101001101 00010100110
 809 1011001101001100 10010100110
 810 1100101101001100 01010100110
 811 0010101101001101 11010100110
 812 0000011101001100 00110100110
 813 1110011101001101 10110100110
 814 1001111101001101 01110100110
 815 0111111101001100 11110100110
 816 0000000011001100 00001100110
 817 1110000011001101 10001100110
 818 1001100011001101 01001100110
 819 0111100011001100 11001100110
 820 0101010011001101 00101100110
 821 1011010011001100 10101100110
 822 1100110011001100 01101100110
 823 0010110011001101 11101100110
 824 1101001011001100 00011100110
 825 0011001011001101 10011100110
 826 0100101011001101 01011100110
 827 1010101011001100 11011100110
 828 1000011011001101 00111100110
 829 0110011011001100 10111100110
 830 0001111011001100 01111100110
 831 1111111011001101 11111100110
 832 0000000100101100 00000010110
 833 1110000100101101 10000010110
 834 1001100100101101 01000010110
 835 0111100100101100 11000010110
 836 0101010100101101 00100010110
 837 1011010100101100 10100010110
 838 1100110100101100 01100010110
 839 0010110100101101 11100010110
 840 1101001100101100 00010010110
 841 0011001100101101 10010010110
 842 0100101100101101 01010010110
 843 1010101100101100 11010010110
 844 1000011100101101 00110010110
 845 0110011100101100 10110010110
 846 0001111100101100 01110010110
 847 1111111100101101 11110010110
 848 1000000010101101 00001010110
 849 0110000010101100 10001010110
 850 0001100010101100 01001010110
 851 1111100010101101 11001010110
 852 1101010010101100 00101010110
 853 0011010010101101 10101010110
 854 0100110010101101 01101010110
 855 1010110010101100 11101010110
 856 0101001010101101 00011010110
 857 1011001010101100 10011010110
 858 1100101010101100 01011010110
 859 0010101010101101 11011010110
 860 0000011010101100 00111010110
 861 1110011010101101 10111010110
 862 1001111010101101 01111010110
 863 0111111010101100 11111010110
 864 0100000001101101 00000110110
 865 1010000001101100 10000110110
 866 1101100001101100 01000110110
 867 0011100001101101 11000110110
 868 0001010001101100 00100110110
 869 1111010001101101 10100110110
 870 1000110001101101 01100110110
 871 0110110001101100 11100110110
 872 1001001001101101 00010110110
 873 0111001001101100 10010110110
 874 0000101001101100 01010110110
 875 1110101001101101 11010110110
 876 1100011001101100 00110110110
 877 0010011001101101 10110110110
 878 0101111001101101 01110110110
 879 1011111001101100 11110110110
 880 1100000111101100 00001110110
 881 0010000111101101 10001110110
 882 0101100111101101 01001110110
 883 1011100111101100 11001110110
 884 1001010111101101 00101110110
 885 0111010111101100 10101110110
 886 0000110111101100 01101110110
 887 1110110111101101 11101110110
 888 0001001111101100 00011110110
 889 1111001111101101 10011110110
 890 1000101111101101 01011110110
 891 0110101111101100 11011110110
 892 0100011111101101 00111110110
 893 1010011111101100 10111110110
 894 1101111111101100 01111110110
 895 0011111111101101 11111110110
 896 1101000100011101 00000001110
 897 0011000100011100 10000001110
 898 0100100100011100 01000001110
 899 1010100100011101 11000001110
 900 1000010100011100 00100001110
 901 0110010100011101 10100001110
 902 0001110100011101 01100001110
 903 1111110100011100 11100001110
 904 0000001100011101 00010001110
 905 1110001100011100 10010001110
 906 1001101100011100 01010001110
 907 0111101100011101 11010001110
 908 0101011100011100 00110001110
 909 1011011100011101 10110001110
 910 1100111100011101 01110001110
 911 0010111100011100 11110001110
 912 0101000010011100 00001001110
 913 1011000010011101 10001001110
 914 1100100010011101 01001001110
 915 0010100010011100 11001001110
 916 0000010010011101 00101001110
 917 1110010010011100 10101001110
 918 1001110010011100 01101001110
 919 0111110010011101 11101001110
 920 1000001010011100 00011001110
 921 0110001010011101 10011001110
 922 0001101010011101 01011001110
 923 1111101010011100 11011001110
 924 1101011010011101 00111001110
 925 0011011010011100 10111001110
 926 0100111010011100 01111001110
 927 1010111010011101 11111001110
 928 1001000001011100 00000101110
 929 0111000001011101 10000101110
 930 0000100001011101 01000101110
 931 1110100001011100 11000101110
 932 1100010001011101 00100101110
 933 0010010001011100 10100101110
 934 0101110001011100 01100101110
 935 1011110001011101 11100101110
 936 0100001001011100 00010101110
 937 1010001001011101 10010101110
 938 1101101001011101 01010101110
 939 0011101001011100 11010101110
 940 0001011001011101 00110101110
 941 1111011001011100 10110101110
 942 1000111001011100 01110101110
 943 0110111001011101 11110101110
 944 0001000111011101 00001101110
 945 1111000111011100 10001101110
 946 1000100111011100 01001101110
 947 0110100111011101 11001101110
 948 0100010111011100 00101101110
 949 1010010111011101 10101101110
 950 1101110111011101 01101101110
 951 0011110111011100 11101101110
 952 1100001111011101 00011101110
 953 0010001111011100 10011101110
 954 0101101111011100 01011101110
 955 1011101111011101 11011101110
 956 1001011111011100 00111101110
 957 0111011111011101 10111101110
 958 0000111111011101 01111101110
 959 1110111111011100 11111101110
 960 0001000000111101 00000011110
 961 1111000000111100 10000011110
 962 1000100000111100 01000011110
 963 0110100000111101 11000011110
 964 0100010000111100 00100011110
 965 1010010000111101 10100011110
 966 1101110000111101 01100011110
 967 0011110000111100 11100011110
 968 1100001000111101 00010011110
 969 0010001000111100 10010011110
 970 0101101000111100 01010011110
 971 1011101000111101 11010011110
 972 1001011000111100 00110011110
 973 0111011000111101 10110011110
 974 0000111000111101 01110011110
 975 1110111000111100 11110011110
 976 1001000110111100 00001011110
 977 0111000110111101 10001011110
 978 0000100110111101 01001011110
 979 1110100110111100 11001011110
 980 1100010110111101 00101011110
 981 0010010110111100 10101011110
 982 0101110110111100 01101011110
 983 1011110110111101 11101011110
 984 0100001110111100 00011011110
 985 1010001110111101 10011011110
 986 1101101110111101 01011011110
 987 0011101110111100 11011011110
 988 0001011110111101 00111011110
 989 1111011110111100 10111011110
 990 1000111110111100 01111011110
 991 0110111110111101 11111011110
 992 0101000101111100 00000111110
 993 1011000101111101 10000111110
 994 1100100101111101 01000111110
 995 0010100101111100 11000111110
 996 0000010101111101 00100111110
 997 1110010101111100 10100111110
 998 1001110101111100 01100111110
 999 0111110101111101 11100111110
1000 1000001101111100 00010111110
1001 0110001101111101 10010111110
1002 0001101101111101 01010111110
1003 1111101101111100 11010111110
1004 1101011101111101 00110111110
1005 0011011101111100 10110111110
1006 0100111101111100 01110111110
1007 1010111101111101 11110111110
1008 1101000011111101 00001111110
1009 0011000011111100 10001111110
1010 0100100011111100 01001111110
1011 1010100011111101 11001111110
1012 1000010011111100 00101111110
1013 0110010011111101 10101111110
1014 0001110011111101 01101111110
1015 1111110011111100 11101111110
1016 0000001011111101 00011111110
1017 1110001011111100 10011111110
1018 1001101011111100 01011111110
1019 0111101011111101 11011111110
1020 0101011011111100 00111111110
1021 1011011011111101 10111111110
1022 1100111011111101 01111111110
1023 0010111011111100 11111111110
1024 1101000100000011 00000000001
1025 0011000100000010 10000000001
1026 0100100100000010 01000000001
1027 1010100100000011 11000000001
1028 1000010100000010 00100000001
1029 0110010100000011 10100000001
1030 0001110100000011 01100000001
1031 1111110100000010 11100000001
1032 0000001100000011 00010000001
1033 1110001100000010 10010000001
1034 1001101100000010 01010000001
1035 0111101100000011 11010000001
1036 0101011100000010 00110000001
1037 1011011100000011 10110000001
1038 1100111100000011 01110000001
1039 0010111100000010 11110000001
1040 0101000010000010 00001000001
1041 1011000010000011 10001000001
1042 1100100010000011 01001000001
1043 0010100010000010 11001000001
1044 0000010010000011 00101000001
1045 1110010010000010 10101000001
1046 1001110010000010 01101000001
1047 0111110010000011 11101000001
1048 1000001010000010 00011000001
1049 0110001010000011 10011000001
1050 0001101010000011 01011000001
1051 1111101010000010 11011000001
1052 1101011010000011 00111000001
1053 0011011010000010 10111000001
1054 0100111010000010 01111000001
1055 1010111010000011 11111000001
1056 1001000001000010 00000100001
1057 0111000001000011 10000100001
1058 0000100001000011 01000100001
1059 1110100001000010 11000100001
1060 1100010001000011 00100100001
1061 0010010001000010 10100100001
1062 0101110001000010 01100100001
1063 1011110001000011 11100100001
1064 0100001001000010 00010100001
1065 1010001001000011 10010100001
1066 1101101001000011 01010100001
1067 0011101001000010 11010100001
1068 0001011001000011 00110100001
1069 1111011001000010 10110100001
1070 1000111001000010 01110100001
1071 0110111001000011 11110100001
1072 0001000111000011 00001100001
1073 1111000111000010 10001100001
1074 1000100111000010 01001100001
1075 0110100111000011 11001100001
1076 0100010111000010 00101100001
1077 1010010111000011 10101100001
1078 1101110111000011 01101100001
1079 0011110111000010 11101100001
1080 1100001111000011 00011100001
1081 0010001111000010 10011100001
1082 0101101111000010 01011100001
1083 1011101111000011 11011100001
1084 1001011111000010 00111100001
1085 0111011111000011 10111100001
1086 0000111111000011 01111100001
1087 1110111111000010 11111100001
1088 0001000000100011 00000010001
1089 1111000000100010 10000010001
1090 1000100000100010 01000010001
1091 0110100000100011 11000010001
1092 0100010000100010 00100010001
1093 1010010000100011 10100010001
1094 1101110000100011 01100010001
1095 0011110000100010 11100010001
1096 1100001000100011 00010010001
1097 0010001000100010 10010010001
1098 0101101000100010 01010010001
1099 1011101000100011 11010010001
1100 1001011000100010 00110010001
1101 0111011000100011 10110010001
1102 0000111000100011 01110010001
1103 1110111000100010 11110010001
1104 1001000110100010 00001010001
1105 0111000110100011 10001010001
1106 0000100110100011 01001010001
1107 1110100110100010 11001010001
1108 1100010110100011 00101010001
1109 0010010110100010 10101010001
1110 0101110110100010 01101010001
1111 1011110110100011 11101010001
1112 0100001110100010 00011010001
1113 1010001110100011 10011010001
1114 1101101110100011 01011010001
1115 0011101110100010 11011010001
1116 0001011110100011 00111010001
1117 1111011110100010 10111010001
1118 1000111110100010 01111010001
1119 0110111110100011 11111010001
1120 0101000101100010 00000110001
1121 1011000101100011 10000110001
1122 1100100101100011 01000110001
1123 0010100101100010 11000110001
1124 0000010101100011 00100110001
1125 1110010101100010 10100110001
1126 1001110101100010 01100110001
1127 0111110101100011 11100110001
1128 1000001101100010 00010110001
1129 0110001101100011 10010110001
1130 0001101101100011 01010110001
1131 1111101101100010 11010110001
1132 1101011101100011 00110110001
1133 0011011101100010 10110110001
1134 0100111101100010 01110110001
1135 1010111101100011 11110110001
1136 1101000011100011 00001110001
1137 0011000011100010 10001110001
1138 0100100011100010 01001110001
1139 1010100011100011 11001110001
1140 1000010011100010 00101110001
1141 0110010011100011 10101110001
1142 0001110011100011 01101110001
1143 1111110011100010 11101110001
1144 0000001011100011 00011110001
1145 1110001011100010 10011110001
1146 1001101011100010 01011110001
1147 0111101011100011 11011110001
1148 0101011011100010 00111110001
1149 1011011011100011 10111110001
1150 1100111011100011 01111110001
1151 0010111011100010 11111110001
1152 1100000000010010 00000001001
1153 0010000000010011 10000001001
1154 0101100000010011 01000001001
1155 1011100000010010 11000001001
1156 1001010000010011 00100001001
1157 0111010000010010 10100001001
1158 0000110000010010 01100001001
1159 1110110000010011 11100001001
1160 0001001000010010 00010001001
1161 1111001000010011 10010001001
1162 1000101000010011 01010001001
1163 0110101000010010 11010001001
1164 0100011000010011 00110001001
1165 1010011000010010 10110001001
1166 1101111000010010 01110001001
1167 0011111000010011 11110001001
1168 0100000110010011 00001001001
1169 1010000110010010 10001001001
1170 1101100110010010 01001001001
1171 0011100110010011 11001001001
1172 0001010110010010 00101001001
1173 1111010110010011 10101001001
1174 1000110110010011 01101001001
1175 0110110110010010 11101001001
1176 1001001110010011 00011001001
1177 0111001110010010 10011001001
1178 0000101110010010 01011001001
1179 1110101110010011 11011001001
1180 1100011110010010 00111001001
1181 0010011110010011 10111001001
1182 0101111110010011 01111001001
1183 1011111110010010 11111001001
1184 1000000101010011 00000101001
1185 0110000101010010 10000101001
1186 0001100101010010 01000101001
1187 1111100101010011 11000101001
1188 1101010101010010 00100101001
1189 0011010101010011 10100101001
1190 0100110101010011 01100101001
1191 1010110101010010 11100101001
1192 0101001101010011 00010101001
1193 1011001101010010 10010101001
1194 1100101101010010 01010101001
1195 0010101101010011 11010101001
1196 0000011101010010 00110101001
1197 1110011101010011 10110101001
1198 1001111101010011 01110101001
1199 0111111101010010 11110101001
1200 0000000011010010 00001101001
1201 1110000011010011 10001101001
1202 1001100011010011 01001101001
1203 0111100011010010 11001101001
1204 0101010011010011 00101101001
1205 1011010011010010 10101101001
1206 1100110011010010 01101101001
1207 0010110011010011 11101101001
1208 1101001011010010 00011101001
1209 0011001011010011 10011101001
1210 0100101011010011 01011101001
1211 1010101011010010 11011101001
1212 1000011011010011 00111101001
1213 0110011011010010 10111101001
1214 0001111011010010 01111101001
1215 1111111011010011 11111101001
1216 0000000100110010 00000011001
1217 1110000100110011 10000011001
1218 1001100100110011 01000011001
1219 0111100100110010 11000011001
1220 0101010100110011 00100011001
1221 1011010100110010 10100011001
1222 1100110100110010 01100011001
1223 0010110100110011 11100011001
1224 1101001100110010 00010011001
1225 0011001100110011 10010011001
1226 0100101100110011 01010011001
1227 1010101100110010 11010011001
1228 1000011100110011 00110011001
1229 0110011100110010 10110011001
1230 0001111100110010 01110011001
1231 1111111100110011 11110011001
1232 1000000010110011 00001011001
1233 0110000010110010 10001011001
1234 0001100010110010 01001011001
1235 1111100010110011 11001011001
1236 1101010010110010 00101011001
1237 0011010010110011 10101011001
1238 0100110010110011 01101011001
1239 1010110010110010 11101011001
1240 0101001010110011 00011011001
1241 1011001010110010 10011011001
1242 1100101010110010 01011011001
1243 0010101010110011 11011011001
1244 0000011010110010 00111011001
1245 1110011010110011 10111011001
1246 1001111010110011 01111011001
1247 0111111010110010 11111011001
1248 0100000001110011 00000111001
1249 1010000001110010 10000111001
1250 1101100001110010 01000111001
1251 0011100001110011 11000111001
1252 0001010001110010 00100111001
1253 1111010001110011 10100111001
1254 1000110001110011 01100111001
1255 0110110001110010 11100111001
1256 1001001001110011 00010111001
1257 0111001001110010 10010111001
1258 0000101001110010 01010111001
1259 1110101001110011 11010111001
1260 1100011001110010 00110111001
1261 0010011001110011 10110111001
1262 0101111001110011 01110111001
1263 1011111001110010 11110111001
1264 1100000111110010 00001111001
1265 0010000111110011 10001111001
1266 0101100111110011 01001111001
1267 1011100111110010 11001111001
1268 1001010111110011 00101111001
1269 0111010111110010 10101111001
1270 0000110111110010 01101111001
1271 1110110111110011 11101111001
1272 0001001111110010 00011111001
1273 1111001111110011 10011111001
1274 1000101111110011 01011111001
1275 0110101111110010 11011111001
1276 0100011111110011 00111111001
1277 1010011111110010 10111111001
1278 1101111111110010 01111111001
1279 0011111111110011 11111111001
1280 0100000000001011 00000000101
1281 1010000000001010 10000000101
1282 1101100000001010 01000000101
1283 0011100000001011 11000000101
1284 0001010000001010 00100000101
1285 1111010000001011 10100000101
1286 1000110000001011 01100000101
1287 0110110000001010 11100000101
1288 1001001000001011 00010000101
1289 0111001000001010 10010000101
1290 0000101000001010 01010000101
1291 1110101000001011 11010000101
1292 1100011000001010 00110000101
1293 0010011000001011 10110000101
1294 0101111000001011 01110000101
1295 1011111000001010 11110000101
1296 1100000110001010 00001000101
1297 0010000110001011 10001000101
1298 0101100110001011 01001000101
1299 1011100110001010 11001000101
1300 1001010110001011 00101000101
1301 0111010110001010 10101000101
1302 0000110110001010 01101000101
1303 1110110110001011 11101000101
1304 0001001110001010 00011000101
1305 1111001110001011 10011000101
1306 1000101110001011 01011000101
1307 0110101110001010 11011000101
1308 0100011110001011 00111000101
1309 1010011110001010 10111000101
1310 1101111110001010 01111000101
1311 0011111110001011 11111000101
1312 0000000101001010 00000100101
1313 1110000101001011 10000100101
1314 1001100101001011 01000100101
1315 0111100101001010 11000100101
1316 0101010101001011 00100100101
1317 1011010101001010 10100100101
1318 1100110101001010 01100100101
1319 0010110101001011 11100100101
1320 1101001101001010 00010100101
1321 0011001101001011 10010100101
1322 0100101101001011 01010100101
1323 1010101101001010 11010100101
1324 1000011101001011 00110100101
1325 0110011101001010 10110100101
1326 0001111101001010 01110100101
1327 1111111101001011 11110100101
1328 1000000011001011 00001100101
1329 0110000011001010 10001100101
1330 0001100011001010 01001100101
1331 1111100011001011 11001100101
1332 1101010011001010 00101100101
1333 0011010011001011 10101100101
1334 0100110011001011 01101100101
1335 1010110011001010 11101100101
1336 0101001011001011 00011100101
1337 1011001011001010 10011100101
1338 1100101011001010 01011100101
1339 0010101011001011 11011100101
1340 0000011011001010 00111100101
1341 1110011011001011 10111100101
1342 1001111011001011 01111100101
1343 0111111011001010 11111100101
1344 1000000100101011 00000010101
1345 0110000100101010 10000010101
1346 0001100100101010 01000010101
1347 1111100100101011 11000010101
1348 1101010100101010 00100010101
1349 0011010100101011 10100010101
1350 0100110100101011 01100010101
1351 1010110100101010 11100010101
1352 0101001100101011 00010010101
1353 1011001100101010 10010010101
1354 1100101100101010 01010010101
1355 0010101100101011 11010010101
1356 0000011100101010 00110010101
1357 1110011100101011 10110010101
1358 1001111100101011 01110010101
1359 0111111100101010 11110010101
1360 0000000010101010 00001010101
1361 1110000010101011 10001010101
1362 1001100010101011 01001010101
1363 0111100010101010 11001010101
1364 0101010010101011 00101010101
1365 1011010010101010 10101010101
1366 1100110010101010 01101010101
1367 0010110010101011 11101010101
1368 1101001010101010 00011010101
1369 0011001010101011 10011010101
1370 0100101010101011 01011010101
1371 1010101010101010 11011010101
1372 1000011010101011 00111010101
1373 0110011010101010 10111010101
1374 0001111010101010 01111010101
1375 1111111010101011 11111010101
1376 1100000001101010 00000110101
1377 0010000001101011 10000110101
1378 0101100001101011 01000110101
1379 1011100001101010 11000110101
1380 1001010001101011 00100110101
1381 0111010001101010 10100110101
1382 0000110001101010 01100110101
1383 1110110001101011 11100110101
1384 0001001001101010 00010110101
1385 1111001001101011 10010110101
1386 1000101001101011 01010110101
1387 0110101001101010 11010110101
1388 0100011001101011 00110110101
1389 1010011001101010 10110110101
1390 1101111001101010 01110110101
1391 0011111001101011 11110110101
1392 0100000111101011 00001110101
1393 1010000111101010 10001110101
1394 1101100111101010 01001110101
1395 0011100111101011 11001110101
1396 0001010111101010 00101110101
1397 1111010111101011 10101110101
1398 1000110111101011 01101110101
1399 0110110111101010 11101110101
1400 1001001111101011 00011110101
1401 0111001111101010 10011110101
1402 0000101111101010 01011110101
1403 1110101111101011 11011110101
1404 1100011111101010 00111110101
1405 0010011111101011 10111110101
1406 0101111111101011 01111110101
1407 1011111111101010 11111110101
1408 0101000100011010 00000001101
1409 1011000100011011 10000001101
1410 1100100100011011 01000001101
1411 0010100100011010 11000001101
1412 0000010100011011 00100001101
1413 1110010100011010 10100001101
1414 1001110100011010 01100001101
1415 0111110100011011 11100001101
1416 1000001100011010 00010001101
1417 0110001100011011 10010001101
1418 0001101100011011 01010001101
1419 1111101100011010 11010001101
1420 1101011100011011 00110001101
1421 0011011100011010 10110001101
1422 0100111100011010 01110001101
1423 1010111100011011 11110001101
1424 1101000010011011 00001001101
1425 0011000010011010 10001001101
1426 0100100010011010 01001001101
1427 1010100010011011 11001001101
1428 1000010010011010 00101001101
1429 0110010010011011 10101001101
1430 0001110010011011 01101001101
1431 1111110010011010 11101001101
1432 0000001010011011 00011001101
1433 1110001010011010 10011001101
1434 1001101010011010 01011001101
1435 0111101010011011 11011001101
1436 0101011010011010 00111001101
1437 1011011010011011 10111001101
1438 1100111010011011 01111001101
1439 0010111010011010 11111001101
1440 0001000001011011 00000101101
1441 1111000001011010 10000101101
1442 1000100001011010 01000101101
1443 0110100001011011 11000101101
1444 0100010001011010 00100101101
1445 1010010001011011 10100101101
1446 1101110001011011 01100101101
1447 0011110001011010 11100101101
1448 1100001001011011 00010101101
1449 0010001001011010 10010101101
1450 0101101001011010 01010101101
1451 1011101001011011 11010101101
1452 1001011001011010 00110101101
1453 0111011001011011 10110101101
1454 0000111001011011 01110101101
1455 1110111001011010 11110101101
1456 1001000111011010 00001101101
1457 0111000111011011 10001101101
1458 0000100111011011 01001101101
1459 1110100111011010 11001101101
1460 1100010111011011 00101101101
1461 0010010111011010 10101101101
1462 0101110111011010 01101101101
1463 1011110111011011 11101101101
1464 0100001111011010 00011101101
1465 1010001111011011 10011101101
1466 1101101111011011 01011101101
1467 0011101111011010 11011101101
1468 0001011111011011 00111101101
1469 1111011111011010 10111101101
1470 1000111111011010 01111101101
1471 0110111111011011 11111101101
1472 1001000000111010 00000011101
1473 0111000000111011 10000011101
1474 0000100000111011 01000011101
1475 1110100000111010 11000011101
1476 1100010000111011 00100011101
1477 0010010000111010 10100011101
1478 0101110000111010 01100011101
1479 1011110000111011 11100011101
1480 0100001000111010 00010011101
1481 1010001000111011 10010011101
1482 1101101000111011 01010011101
1483 0011101000111010 11010011101
1484 0001011000111011 00110011101
1485 1111011000111010 10110011101
1486 1000111000111010 01110011101
1487 0110111000111011 11110011101
1488 0001000110111011 00001011101
1489 1111000110111010 10001011101
1490 1000100110111010 01001011101
1491 0110100110111011 11001011101
1492 0100010110111010 00101011101
1493 1010010110111011 10101011101
1494 1101110110111011 01101011101
1495 0011110110111010 11101011101
1496 1100001110111011 00011011101
1497 0010001110111010 10011011101
1498 0101101110111010 01011011101
1499 1011101110111011 11011011101
1500 1001011110111010 00111011101
1501 0111011110111011 10111011101
1502 0000111110111011 01111011101
1503 1110111110111010 11111011101
1504 1101000101111011 00000111101
1505 0011000101111010 10000111101
1506 0100100101111010 01000111101
1507 1010100101111011 11000111101
1508 1000010101111010 00100111101
1509 0110010101111011 10100111101
1510 0001110101111011 01100111101
1511 1111110101111010 11100111101
1512 0000001101111011 00010111101
1513 1110001101111010 10010111101
1514 1001101101111010 01010111101
1515 0111101101111011 11010111101
1516 0101011101111010 00110111101
1517 1011011101111011 10110111101
1518 1100111101111011 01110111101
1519 0010111101111010 11110111101
1520 0101000011111010 00001111101
1521 1011000011111011 10001111101
1522 1100100011111011 01001111101
1523 0010100011111010 11001111101
1524 0000010011111011 00101111101
1525 1110010011111010 10101111101
1526 1001110011111010 01101111101
1527 0111110011111011 11101111101
1528 1000001011111010 00011111101
1529 0110001011111011 10011111101
1530 0001101011111011 01011111101
1531 1111101011111010 11011111101
1532 1101011011111011 00111111101
1533 0011011011111010 10111111101
1534 0100111011111010 01111111101
1535 1010111011111011 11111111101
1536 1000000000000111 00000000011
1537 0110000000000110 10000000011
1538 0001100000000110 01000000011
1539 1111100000000111 11000000011
1540 1101010000000110 00100000011
1541 0011010000000111 10100000011
1542 0100110000000111 01100000011
1543 1010110000000110 11100000011
1544 0101001000000111 00010000011
1545 1011001000000110 10010000011
1546 1100101000000110 01010000011
1547 0010101000000111 11010000011
1548 0000011000000110 00110000011
1549 1110011000000111 10110000011
1550 1001111000000111 01110000011
1551 0111111000000110 11110000011
1552 0000000110000110 00001000011
1553 1110000110000111 10001000011
1554 1001100110000111 01001000011
1555 0111100110000110 11001000011
1556 0101010110000111 00101000011
1557 1011010110000110 10101000011
1558 1100110110000110 01101000011
1559 0010110110000111 11101000011
1560 1101001110000110 00011000011
1561 0011001110000111 10011000011
1562 0100101110000111 01011000011
1563 1010101110000110 11011000011
1564 1000011110000111 00111000011
1565 0110011110000110 10111000011
1566 0001111110000110 01111000011
1567 1111111110000111 11111000011
1568 1100000101000110 00000100011
1569 0010000101000111 10000100011
1570 0101100101000111 01000100011
1571 1011100101000110 11000100011
1572 1001010101000111 00100100011
1573 0111010101000110 10100100011
1574 0000110101000110 01100100011
1575 1110110101000111 11100100011
1576 0001001101000110 00010100011
1577 1111001101000111 10010100011
1578 1000101101000111 01010100011
1579 0110101101000110 11010100011
1580 0100011101000111 00110100011
1581 1010011101000110 10110100011
1582 1101111101000110 01110100011
1583 0011111101000111 11110100011
1584 0100000011000111 00001100011
1585 1010000011000110 10001100011
1586 1101100011000110 01001100011
1587 0011100011000111 11001100011
1588 0001010011000110 00101100011
1589 1111010011000111 10101100011
1590 1000110011000111 01101100011
1591 0110110011000110 11101100011
1592 1001001011000111 00011100011
1593 0111001011000110 10011100011
1594 0000101011000110 01011100011
1595 1110101011000111 11011100011
1596 1100011011000110 00111100011
1597 0010011011000111 10111100011
1598 0101111011000111 01111100011
1599 1011111011000110 11111100011
1600 0100000100100111 00000010011
1601 1010000100100110 10000010011
1602 1101100100100110 01000010011
1603 0011100100100111 11000010011
1604 0001010100100110 00100010011
1605 1111010100100111 10100010011
1606 1000110100100111 01100010011
1607 0110110100100110 11100010011
1608 1001001100100111 00010010011
1609 0111001100100110 10010010011
1610 0000101100100110 01010010011
1611 1110101100100111 11010010011
1612 1100011100100110 00110010011
1613 0010011100100111 10110010011
1614 0101111100100111 01110010011
1615 1011111100100110 11110010011
1616 1100000010100110 00001010011
1617 0010000010100111 10001010011
1618 0101100010100111 01001010011
1619 1011100010100110 11001010011
1620 1001010010100111 00101010011
1621 0111010010100110 10101010011
1622 0000110010100110 01101010011
1623 1110110010100111 11101010011
1624 0001001010100110 00011010011
1625 1111001010100111 10011010011
1626 1000101010100111 01011010011
1627 0110101010100110 11011010011
1628 0100011010100111 00111010011
1629 1010011010100110 10111010011
1630 1101111010100110 01111010011
1631 0011111010100111 11111010011
1632 0000000001100110 00000110011
1633 1110000001100111 10000110011
1634 1001100001100111 01000110011
1635 0111100001100110 11000110011
1636 0101010001100111 00100110011
1637 1011010001100110 10100110011
1638 1100110001100110 01100110011
1639 0010110001100111 11100110011
1640 1101001001100110 00010110011
1641 0011001001100111 10010110011
1642 0100101001100111 01010110011
1643 1010101001100110 11010110011
1644 1000011001100111 00110110011
1645 0110011001100110 10110110011
1646 0001111001100110 01110110011
1647 1111111001100111 11110110011
1648 1000000111100111 00001110011
1649 0110000111100110 10001110011
1650 0001100111100110 01001110011
1651 1111100111100111 11001110011
1652 1101010111100110 00101110011
1653 0011010111100111 10101110011
1654 0100110111100111 01101110011
1655 1010110111100110 11101110011
1656 0101001111100111 00011110011
1657 1011001111100110 10011110011
1658 1100101111100110 01011110011
1659 0010101111100111 11011110011
1660 0000011111100110 00111110011
1661 1110011111100111 10111110011
1662 1001111111100111 01111110011
1663 0111111111100110 11111110011
1664 1001000100010110 00000001011
1665 0111000100010111 10000001011
1666 0000100100010111 01000001011
1667 1110100100010110 11000001011
1668 1100010100010111 00100001011
1669 0010010100010110 10100001011
1670 0101110100010110 01100001011
1671 1011110100010111 11100001011
1672 0100001100010110 00010001011
1673 1010001100010111 10010001011
1674 1101101100010111 01010001011
1675 0011101100010110 11010001011
1676 0001011100010111 00110001011
1677 1111011100010110 10110001011
1678 1000111100010110 01110001011
1679 0110111100010111 11110001011
1680 0001000010010111 00001001011
1681 1111000010010110 10001001011
1682 1000100010010110 01001001011
1683 0110100010010111 11001001011
1684 0100010010010110 00101001011
1685 1010010010010111 10101001011
1686 1101110010010111 01101001011
1687 0011110010010110 11101001011
1688 1100001010010111 00011001011
1689 0010001010010110 10011001011
1690 0101101010010110 01011001011
1691 1011101010010111 11011001011
1692 1001011010010110 00111001011
1693 0111011010010111 10111001011
1694 0000111010010111 01111001011
1695 1110111010010110 11111001011
1696 1101000001010111 00000101011
1697 0011000001010110 10000101011
1698 0100100001010110 01000101011
1699 1010100001010111 11000101011
1700 1000010001010110 00100101011
1701 0110010001010111 10100101011
1702 0001110001010111 01100101011
1703 1111110001010110 11100101011
1704 0000001001010111 00010101011
1705 1110001001010110 10010101011
1706 1001101001010110 01010101011
1707 0111101001010111 11010101011
1708 0101011001010110 00110101011
1709 1011011001010111 10110101011
1710 1100111001010111 01110101011
1711 0010111001010110 11110101011
1712 0101000111010110 00001101011
1713 1011000111010111 10001101011
1714 1100100111010111 01001101011
1715 0010100111010110 11001101011
1716 0000010111010111 00101101011
1717 1110010111010110 10101101011
1718 1001110111010110 01101101011
1719 0111110111010111 11101101011
1720 1000001111010110 00011101011
1721 0110001111010111 10011101011
1722 0001101111010111 01011101011
1723 1111101111010110 11011101011
1724 1101011111010111 00111101011
1725 0011011111010110 10111101011
1726 0100111111010110 01111101011
1727 1010111111010111 11111101011
1728 0101000000110110 00000011011
1729 1011000000110111 10000011011
1730 1100100000110111 01000011011
1731 0010100000110110 11000011011
1732 0000010000110111 00100011011
1733 1110010000110110 10100011011
1734 1001110000110110 01100011011
1735 0111110000110111 11100011011
1736 1000001000110110 00010011011
1737 0110001000110111 10010011011
1738 0001101000110111 01010011011
1739 1111101000110110 11010011011
1740 1101011000110111 00110011011
1741 0011011000110110 10110011011
1742 0100111000110110 01110011011
1743 1010111000110111 11110011011
1744 1101000110110111 00001011011
1745 0011000110110110 10001011011
1746 0100100110110110 01001011011
1747 1010100110110111 11001011011
1748 1000010110110110 00101011011
1749 0110010110110111 10101011011
1750 0001110110110111 01101011011
1751 1111110110110110 11101011011
1752 0000001110110111 00011011011
1753 1110001110110110 10011011011
1754 1001101110110110 01011011011
1755 0111101110110111 11011011011
1756 0101011110110110 00111011011
1757 1011011110110111 10111011011
1758 1100111110110111 01111011011
1759 0010111110110110 11111011011
1760 0001000101110111 00000111011
1761 1111000101110110 10000111011
1762 1000100101110110 01000111011
1763 0110100101110111 11000111011
1764 0100010101110110 00100111011
1765 1010010101110111 10100111011
1766 1101110101110111 01100111011
1767 0011110101110110 11100111011
1768 1100001101110111 00010111011
1769 0010001101110110 10010111011
1770 0101101101110110 01010111011
1771 1011101101110111 11010111011
1772 1001011101110110 00110111011
1773 0111011101110111 10110111011
1774 0000111101110111 01110111011
1775 1110111101110110 11110111011
1776 1001000011110110 00001111011
1777 0111000011110111 10001111011
1778 0000100011110111 01001111011
1779 1110100011110110 11001111011
1780 1100010011110111 00101111011
1781 0010010011110110 10101111011
1782 0101110011110110 01101111011
1783 1011110011110111 11101111011
1784 0100001011110110 00011111011
1785 1010001011110111 10011111011
1786 1101101011110111 01011111011
1787 0011101011110110 11011111011
1788 0001011011110111 00111111011
1789 1111011011110110 10111111011
1790 1000111011110110 01111111011
1791 0110111011110111 11111111011
1792 0001000100001111 00000000111
1793 1111000100001110 10000000111
1794 1000100100001110 01000000111
1795 0110100100001111 11000000111
1796 0100010100001110 00100000111
1797 1010010100001111 10100000111
1798 1101110100001111 01100000111
1799 0011110100001110 11100000111
1800 1100001100001111 00010000111
1801 0010001100001110 10010000111
1802 0101101100001110 01010000111
1803 1011101100001111 11010000111
1804 1001011100001110 00110000111
1805 0111011100001111 10110000111
1806 0000111100001111 01110000111
1807 1110111100001110 11110000111
1808 1001000010001110 00001000111
1809 0111000010001111 10001000111
1810 0000100010001111 01001000111
1811 1110100010001110 11001000111
1812 1100010010001111 00101000111
1813 0010010010001110 10101000111
1814 0101110010001110 01101000111
1815 1011110010001111 11101000111
1816 0100001010001110 00011000111
1817 1010001010001111 10011000111
1818 1101101010001111 01011000111
1819 0011101010001110 11011000111
1820 0001011010001111 00111000111
1821 1111011010001110 10111000111
1822 1000111010001110 01111000111
1823 0110111010001111 11111000111
1824 0101000001001110 00000100111
1825 1011000001001111 10000100111
1826 1100100001001111 01000100111
1827 0010100001001110 11000100111
1828 0000010001001111 00100100111
1829 1110010001001110 10100100111
1830 1001110001001110 01100100111
1831 0111110001001111 11100100111
1832 1000001001001110 00010100111
1833 0110001001001111 10010100111
1834 0001101001001111 01010100111
1835 1111101001001110 11010100111
1836 1101011001001111 00110100111
1837 0011011001001110 10110100111
1838 0100111001001110 01110100111
1839 1010111001001111 11110100111
1840 1101000111001111 00001100111
1841 0011000111001110 10001100111
1842 0100100111001110 01001100111
1843 1010100111001111 11001100111
1844 1000010111001110 00101100111
1845 0110010111001111 10101100111
1846 0001110111001111 01101100111
1847 1111110111001110 11101100111
1848 0000001111001111 00011100111
1849 1110001111001110 10011100111
1850 1001101111001110 01011100111
1851 0111101111001111 11011100111
1852 0101011111001110 00111100111
1853 1011011111001111 10111100111
1854 1100111111001111 01111100111
1855 0010111111001110 11111100111
1856 1101000000101111 00000010111
1857 0011000000101110 10000010111
1858 0100100000101110 01000010111
1859 1010100000101111 11000010111
1860 1000010000101110 00100010111
1861 0110010000101111 10100010111
1862 0001110000101111 01100010111
1863 1111110000101110 11100010111
1864 0000001000101111 00010010111
1865 1110001000101110 10010010111
1866 1001101000101110 01010010111
1867 0111101000101111 11010010111
1868 0101011000101110 00110010111
1869 1011011000101111 10110010111
1870 1100111000101111 01110010111
1871 0010111000101110 11110010111
1872 0101000110101110 00001010111
1873 1011000110101111 10001010111
1874 1100100110101111 01001010111
1875 0010100110101110 11001010111
1876 0000010110101111 00101010111
1877 1110010110101110 10101010111
1878 1001110110101110 01101010111
1879 0111110110101111 11101010111
1880 1000001110101110 00011010111
1881 0110001110101111 10011010111
1882 0001101110101111 01011010111
1883 1111101110101110 11011010111
1884 1101011110101111 00111010111
1885 0011011110101110 10111010111
1886 0100111110101110 01111010111
1887 1010111110101111 11111010111
1888 1001000101101110 00000110111
1889 0111000101101111 10000110111
1890 0000100101101111 01000110111
1891 1110100101101110 11000110111
1892 1100010101101111 00100110111
1893 0010010101101110 10100110111
1894 0101110101101110 01100110111
1895 1011110101101111 11100110111
1896 0100001101101110 00010110111
1897 1010001101101111 10010110111
1898 1101101101101111 01010110111
1899 0011101101101110 11010110111
1900 0001011101101111 00110110111
1901 1111011101101110 10110110111
1902 1000111101101110 01110110111
1903 0110111101101111 11110110111
1904 0001000011101111 00001110111
1905 1111000011101110 10001110111
1906 1000100011101110 01001110111
1907 0110100011101111 11001110111
1908 0100010011101110 00101110111
1909 1010010011101111 10101110111
1910 1101110011101111 01101110111
1911 0011110011101110 11101110111
1912 1100001011101111 00011110111
1913 0010001011101110 10011110111
1914 0101101011101110 01011110111
1915 1011101011101111 11011110111
1916 1001011011101110 00111110111
1917 0111011011101111 10111110111
1918 0000111011101111 01111110111
1919 1110111011101110 11111110111
1920 0000000000011110 00000001111
1921 1110000000011111 10000001111
1922 1001100000011111 01000001111
1923 0111100000011110 11000001111
1924 0101010000011111 00100001111
1925 1011010000011110 10100001111
1926 1100110000011110 01100001111
1927 0010110000011111 11100001111
1928 1101001000011110 00010001111
1929 0011001000011111 10010001111
1930 0100101000011111 01010001111
1931 1010101000011110 11010001111
1932 1000011000011111 00110001111
1933 0110011000011110 10110001111
1934 0001111000011110 01110001111
1935 1111111000011111 11110001111
1936 1000000110011111 00001001111
1937 0110000110011110 10001001111
1938 0001100110011110 01001001111
1939 1111100110011111 11001001111
1940 1101010110011110 00101001111
1941 0011010110011111 10101001111
1942 0100110110011111 01101001111
1943 1010110110011110 11101001111
1944 0101001110011111 00011001111
1945 1011001110011110 10011001111
1946 1100101110011110 01011001111
1947 0010101110011111 11011001111
1948 0000011110011110 00111001111
1949 1110011110011111 10111001111
1950 1001111110011111 01111001111
1951 0111111110011110 11111001111
1952 0100000101011111 00000101111
1953 1010000101011110 10000101111
1954 1101100101011110 01000101111
1955 0011100101011111 11000101111
1956 0001010101011110 00100101111
1957 1111010101011111 10100101111
1958 1000110101011111 01100101111
1959 0110110101011110 11100101111
1960 1001001101011111 00010101111
1961 0111001101011110 10010101111
1962 0000101101011110 01010101111
1963 1110101101011111 11010101111
1964 1100011101011110 00110101111
1965 0010011101011111 10110101111
1966 0101111101011111 01110101111
1967 1011111101011110 11110101111
1968 1100000011011110 00001101111
1969 0010000011011111 10001101111
1970 0101100011011111 01001101111
1971 1011100011011110 11001101111
1972 1001010011011111 00101101111
1973 0111010011011110 10101101111
1974 0000110011011110 01101101111
1975 1110110011011111 11101101111
1976 0001001011011110 00011101111
1977 1111001011011111 10011101111
1978 1000101011011111 01011101111
1979 0110101011011110 11011101111
1980 0100011011011111 00111101111
1981 1010011011011110 10111101111
1982 1101111011011110 01111101111
1983 0011111011011111 11111101111
1984 1100000100111110 00000011111
1985 0010000100111111 10000011111
1986 0101100100111111 01000011111
1987 1011100100111110 11000011111
1988 1001010100111111 00100011111
1989 0111010100111110 10100011111
1990 0000110100111110 01100011111
1991 1110110100111111 11100011111
1992 0001001100111110 00010011111
1993 1111001100111111 10010011111
1994 1000101100111111 01010011111
1995 0110101100111110 11010011111
1996 0100011100111111 00110011111
1997 1010011100111110 10110011111
1998 1101111100111110 01110011111
1999 0011111100111111 11110011111
2000 0100000010111111 00001011111
2001 1010000010111110 10001011111
2002 1101100010111110 01001011111
2003 0011100010111111 11001011111
2004 0001010010111110 00101011111
2005 1111010010111111 10101011111
2006 1000110010111111 01101011111
2007 0110110010111110 11101011111
2008 1001001010111111 00011011111
2009 0111001010111110 10011011111
2010 0000101010111110 01011011111
2011 1110101010111111 11011011111
2012 1100011010111110 00111011111
2013 0010011010111111 10111011111
2014 0101111010111111 01111011111
2015 1011111010111110 11111011111
2016 1000000001111111 00000111111
2017 0110000001111110 10000111111
2018 0001100001111110 01000111111
2019 1111100001111111 11000111111
2020 1101010001111110 00100111111
2021 0011010001111111 10100111111
2022 0100110001111111 01100111111
2023 1010110001111110 11100111111
2024 0101001001111111 00010111111
2025 1011001001111110 10010111111
2026 1100101001111110 01010111111
2027 0010101001111111 11010111111
2028 0000011001111110 00110111111
2029 1110011001111111 10110111111
2030 1001111001111111 01110111111
2031 0111111001111110 11110111111
2032 0000000111111110 00001111111
2033 1110000111111111 10001111111
2034 1001100111111111 01001111111
2035 0111100111111110 11001111111
2036 0101010111111111 00101111111
2037 1011010111111110 10101111111
2038 1100110111111110 01101111111
2039 0010110111111111 11101111111
2040 1101001111111110 00011111111
2041 0011001111111111 10011111111
2042 0100101111111111 01011111111
2043 1010101111111110 11011111111
2044 1000011111111111 00111111111
2045 0110011111111110 10111111111
2046 0001111111111110 01111111111
2047 1111111111111111 11111111111