Extended Hamming [8,4,4] Code
==================================================
Parameters: n=8, k=4, d=4, r=3
Number of codewords: 16
Format: Index Codeword Message
--------------------------------------------------
   0 00000000 0000
   1 11100001 1000
   2 10011001 0100
   3 01111000 1100
   4 01010101 0010
   5 10110100 1010
   6 11001100 0110
   7 00101101 1110
   8 11010010 0001
   9 00110011 1001
  10 01001011 0101
  11 10101010 1101
  12 10000111 0011
  13 01100110 1011
  14 00011110 0111
  15 11111111 1111
